##FastQC	0.12.1
>>Basic Statistics	pass
#Measure	Value
Filename	raw.R1.fastq
File type	Conventional base calls
Encoding	Sanger / Illumina 1.9
Total Sequences	11231441
Total Bases	1.6 Gbp
Sequences flagged as poor quality	0
Sequence length	150
%GC	51
>>END_MODULE
>>Per base sequence quality	pass
#Base	Mean	Median	Lower Quartile	Upper Quartile	10th Percentile	90th Percentile
1	37.231664752546	39.0	34.0	40.0	34.0	40.0
2	36.982773626287134	38.0	34.0	40.0	33.0	40.0
3	36.73314350313553	38.0	34.0	40.0	33.0	40.0
4	36.877426413939226	38.0	34.0	40.0	34.0	40.0
5	36.96521710793833	38.0	34.0	40.0	34.0	40.0
6	36.8994685543912	38.0	34.0	40.0	34.0	40.0
7	36.681851420490034	38.0	34.0	40.0	33.0	40.0
8	36.762868807306205	38.0	34.0	40.0	33.0	40.0
9	36.738528653625124	38.0	34.0	40.0	33.0	40.0
10-14	36.807871723672854	38.0	34.0	40.0	33.0	40.0
15-19	36.75815598372462	38.0	34.0	40.0	33.0	40.0
20-24	36.73652962251238	38.0	34.0	40.0	33.0	40.0
25-29	36.677415676225344	38.0	34.0	40.0	33.0	40.0
30-34	36.66396919148665	38.0	34.0	40.0	33.0	40.0
35-39	36.63261861055942	38.0	34.0	40.0	33.0	40.0
40-44	36.61435644811739	38.0	34.0	40.0	33.0	40.0
45-49	36.57515255611457	38.0	34.0	40.0	33.0	40.0
50-54	36.55734889227482	38.0	34.0	40.0	33.0	40.0
55-59	36.52391904119872	38.0	34.0	40.0	33.0	40.0
60-64	36.50975204339319	38.0	34.0	40.0	33.0	40.0
65-69	36.50082376784955	38.0	34.0	40.0	33.0	40.0
70-74	36.49629134854557	38.0	34.0	40.0	33.0	40.0
75-79	36.47045761981922	38.0	34.0	40.0	33.0	40.0
80-84	36.426671840238484	38.0	34.0	40.0	33.0	40.0
85-89	36.396025033653295	38.0	34.0	40.0	33.0	40.0
90-94	36.35654388426205	38.0	34.0	40.0	33.0	40.0
95-99	36.303162541654274	38.0	34.0	40.0	32.6	40.0
100-104	36.276031383684426	38.0	34.0	40.0	32.0	40.0
105-109	36.21725025310643	38.0	34.0	40.0	32.0	40.0
110-114	36.17463949639232	38.0	34.0	40.0	32.0	40.0
115-119	36.10105397873701	38.0	34.0	40.0	31.8	40.0
120-124	36.03201113730643	38.0	34.0	40.0	31.0	40.0
125-129	35.95297517032766	38.0	34.0	40.0	31.0	40.0
130-134	35.88823897129496	38.0	34.0	40.0	30.6	40.0
135-139	35.76854163236935	38.0	34.0	40.0	30.0	40.0
140-144	35.675785983294574	38.0	34.0	40.0	30.0	40.0
145-149	35.537520519406186	38.0	34.0	40.0	30.0	40.0
150	35.492571612137745	38.0	34.0	40.0	30.0	40.0
>>END_MODULE
>>Per sequence quality scores	pass
#Quality	Count
24	46.0
25	3147.0
26	29644.0
27	82695.0
28	125329.0
29	155509.0
30	191881.0
31	242172.0
32	315750.0
33	424503.0
34	603214.0
35	911710.0
36	1637439.0
37	4167816.0
38	2338987.0
39	1599.0
>>END_MODULE
>>Per base sequence content	pass
#Base	G	A	T	C
1	33.502244867230814	18.20199415336366	23.05609492382998	25.239666055575544
2	28.563600543011276	24.440707467544783	20.755703158821895	26.239988830622046
3	20.734544565433897	25.264052331694657	27.16158913732324	26.839813965548203
4	24.20911478019762	25.500415376683875	25.23005991574932	25.060409927369182
5	25.471824786893283	26.963496141578336	22.57154859894586	24.99313047258253
6	25.46860539309571	29.07206364453429	21.727508748648148	23.73182221372185
7	24.312759984962966	26.96125648632376	25.671631345485125	23.05435218322815
8	24.017790164211764	25.20472712621623	24.565055861382746	26.212426848189263
9	24.22951093227853	23.858276403611743	25.740227367458253	26.171985296651478
10-14	25.75964618163805	24.74912354391105	23.716882622158224	25.77434765229268
15-19	25.422552600903188	24.460271389627785	24.326526645230683	25.790649364238348
20-24	25.837813729453394	24.088567647441632	24.098598577716302	25.975020045388668
25-29	25.66786612005173	24.24003557096722	24.24300432984667	25.84909397913438
30-34	25.59626530603014	24.353145680723262	24.2317687321541	25.818820281092496
35-39	25.735339516300066	24.33711715292349	24.202297688394243	25.725245642382205
40-44	25.712317659315225	24.279642376703812	24.176757548591297	25.831282415389662
45-49	25.680204629683	24.338558647318827	24.276932683865557	25.704304039132612
50-54	25.794587986642497	24.22432124564125	24.174863590773192	25.806227176943064
55-59	25.780294938370336	24.134950455667656	24.234499159542427	25.850255446419585
60-64	25.7279679079312	24.175152065072293	24.33046499260825	25.766415034388263
65-69	25.882251859291294	24.13171964745362	24.193140143329924	25.792888349925164
70-74	25.818710048632266	24.08566603588141	24.257818822378706	25.83780509310762
75-79	25.801631205899834	24.1511391973207	24.216555256295376	25.830674340484087
80-84	25.848205120132146	24.147224443133734	24.210348647659146	25.794221789074978
85-89	25.818854984450603	24.113797466113677	24.190245313764926	25.877102235670797
90-94	25.724390961414283	24.169867951016375	24.289890625606883	25.81585046196246
95-99	25.831258012979387	24.222787873463027	24.199593666713177	25.746360446844406
100-104	25.844725507487492	24.197251815710683	24.185848302751925	25.7721743740499
105-109	25.857216711804153	24.306470109834272	24.131171975554984	25.705141202806587
110-114	25.894879784286378	24.32028697139612	24.029099869994088	25.755733374323412
115-119	25.868869222020273	24.36261712010655	23.993050752421667	25.775462905451512
120-124	25.81197778200364	24.46346584829162	23.952249765002236	25.772306604702504
125-129	25.86223009382589	24.529911628945783	23.930213126292855	25.677645150935476
130-134	25.850491308630218	24.574328293781885	23.84254653136766	25.73263386622024
135-139	25.73784044590417	24.741539805607978	23.803230485526292	25.717389262961554
140-144	25.81412210168739	24.790716388985025	23.654616932713996	25.740544576613587
145-149	25.721618028213328	24.80923838070508	23.61918602450696	25.849957566574634
150	25.630950793094797	24.97567906732985	23.74749645314167	25.645873686433685
>>END_MODULE
>>Per sequence GC content	warn
#GC Content	Count
0	0.0
1	0.0
2	0.5
3	0.5
4	0.0
5	0.5
6	6.0
7	10.0
8	18.5
9	20.0
10	23.5
11	30.0
12	27.0
13	80.5
14	230.5
15	314.5
16	486.5
17	775.0
18	1136.0
19	1713.0
20	2406.5
21	3455.0
22	4884.5
23	7048.0
24	9989.0
25	13874.5
26	18338.0
27	22580.5
28	27925.0
29	34723.5
30	41870.5
31	49906.5
32	59816.0
33	70832.5
34	81800.5
35	94656.0
36	108633.5
37	120618.0
38	135361.0
39	152807.0
40	168765.5
41	186495.5
42	206232.5
43	226388.5
44	249568.5
45	280854.0
46	312523.5
47	340987.5
48	370951.5
49	405413.5
50	446930.5
51	485390.5
52	515947.5
53	544873.5
54	567859.5
55	573407.0
56	567779.5
57	551987.5
58	522389.5
59	484376.5
60	438102.5
61	382944.0
62	325296.0
63	267389.0
64	211307.5
65	161315.0
66	118818.5
67	85036.5
68	58023.5
69	39159.5
70	27019.0
71	17430.5
72	10023.5
73	5528.0
74	3047.5
75	1718.5
76	1002.0
77	677.5
78	507.5
79	430.5
80	332.0
81	246.5
82	202.5
83	137.0
84	89.5
85	67.0
86	40.5
87	18.5
88	7.5
89	3.0
90	0.0
91	0.0
92	0.0
93	0.0
94	0.0
95	0.0
96	0.0
97	0.0
98	0.0
99	0.0
100	0.0
>>END_MODULE
>>Per base N content	pass
#Base	N-Count
1	0.006321539684889944
2	0.006544129110414238
3	0.005502410598960544
4	0.0059743001810720455
5	0.006081143105323707
6	0.005012713862807097
7	0.004478499241548791
8	0.0045942457428214244
9	0.009562441720523661
10-14	0.01132534997067607
15-19	4.131259737730893E-4
20-24	0.001599082432966527
25-29	0.010317465051902066
30-34	0.0013230715453164024
35-39	0.007717620561778315
40-44	4.2202955079406106E-4
45-49	0.004099206860455395
50-54	0.0037323794871913585
55-59	0.017475940976763357
60-64	0.008483328185581885
65-69	9.793934723068927E-5
70-74	0.0022686314249436026
75-79	0.004982441700935793
80-84	0.005046547455486789
85-89	0.00925793938640643
90-94	0.007981166441599078
95-99	0.0400625351635645
100-104	0.0139625894842879
105-109	0.032031508690647977
110-114	9.402177334146172E-4
115-119	0.015969455744814936
120-124	0.009984471271317723
125-129	0.0026479238060369992
130-134	0.0036949844637032773
135-139	0.007076563016268349
140-144	0.002617651644165695
145-149	0.020670544411888023
150	0.0033388413828644077
>>END_MODULE
>>Sequence Length Distribution	pass
#Length	Count
150	1.1231441E7
>>END_MODULE
>>Sequence Duplication Levels	fail
#Total Deduplicated Percentage	31.823991799248237
#Duplication Level	Percentage of total
1	17.925631444213085
2	6.67493764753205
3	6.123200841813557
4	6.548848233305835
5	6.818956652556242
6	6.7742841298055145
7	6.370775676662261
8	5.741067020398768
9	5.161490125711788
>10	30.813205786160346
>50	0.5324799420658815
>100	0.4051168390318201
>500	0.07899508367137072
>1k	0.031010577071668235
>5k	0.0
>10k+	0.0
>>END_MODULE
>>Overrepresented sequences	pass
>>END_MODULE
>>Adapter Content	warn
#Position	Illumina Universal Adapter	Illumina Small RNA 3' Adapter	Illumina Small RNA 5' Adapter	Nextera Transposase Sequence	PolyA	PolyG
1	0.0	0.0	0.0	0.0	1.4245723233554804E-4	1.7807154041943505E-5
2	0.0	0.0	0.0	0.0	5.520217753002487E-4	2.6710731062915256E-5
3	0.0	0.0	0.0	0.0	8.99261279118147E-4	4.4517885104858764E-5
4	0.0	0.0	0.0	0.0	0.0011663685897472995	1.6026438637749155E-4
5	0.0	0.0	0.0	0.0	0.0014958009395232544	1.7807154041943506E-4
6	0.0	0.0	0.0	0.0	0.001656065325900746	2.3149300254526555E-4
7	0.0	0.0	0.0	0.0	0.0018519440203621244	2.582037336081808E-4
8	8.903577020971752E-6	0.0	0.0	0.0	0.002012208406739616	3.383359267969266E-4
9	4.4517885104858764E-5	0.0	0.0	0.0	0.0021368584850332208	3.383359267969266E-4
10-11	4.896967361534464E-5	8.903577020971752E-6	0.0	0.0	0.0023817068531099437	4.006609659437288E-4
12-13	7.122861616777402E-5	8.903577020971752E-6	0.0	0.0	0.0026577177407600683	4.7634137062198875E-4
14-15	9.793934723068928E-5	8.903577020971752E-6	0.0	8.903577020971752E-6	0.002951535782452136	6.143468144470509E-4
16-17	1.2019828978311866E-4	8.903577020971752E-6	0.0	1.3355365531457628E-5	0.0032453538241442037	7.211897386987119E-4
18-19	1.7807154041943503E-4	8.903577020971752E-6	0.0	1.7807154041943505E-5	0.0035436236543467574	8.591951825237741E-4
20-21	2.2258942552429379E-4	8.903577020971752E-6	0.0	1.7807154041943505E-5	0.0038908631581646555	0.0010194595689012656
22-23	2.5375194509769496E-4	8.903577020971752E-6	0.0	1.7807154041943505E-5	0.004180229411346238	0.0011886275322997289
24-25	4.1846811998567235E-4	1.3355365531457628E-5	0.0	1.7807154041943505E-5	0.004496306395590735	0.0014245723233554804
26-27	5.876360833841356E-4	1.7807154041943505E-5	0.0	1.7807154041943505E-5	0.004821286956856204	0.0014824455739917968
28-29	6.49961122530938E-4	1.7807154041943505E-5	0.0	3.116251957340113E-5	0.005150719306632159	0.0015892884982434577
30-31	7.746112008245425E-4	1.7807154041943505E-5	0.0	4.896967361534464E-5	0.00559144636917026	0.00165161353739026
32-33	8.770023365657176E-4	1.7807154041943505E-5	0.0	1.112947127621469E-4	0.005974300181072046	0.0017451010961104635
34-35	0.0011886275322997289	1.7807154041943505E-5	0.0	1.5136080935651978E-4	0.006379412935526261	0.0019231726365298986
36-37	0.0013533437071877063	1.7807154041943505E-5	0.0	1.869751174404068E-4	0.006610905938071526	0.0020255637722710737
38-39	0.001553674190159571	1.7807154041943505E-5	0.0	2.626555221186667E-4	0.006922531133805537	0.0021502138505646784
40-41	0.0017896189812153223	1.7807154041943505E-5	0.0	3.0717340722352546E-4	0.007247511695071006	0.002252604986305853
42-43	0.0020433709263130173	1.7807154041943505E-5	0.0	3.9620917743324297E-4	0.0075546851022945324	0.0023238336024736274
44-45	0.0023193818139631414	1.7807154041943505E-5	0.0	5.208592557268475E-4	0.007919731760154375	0.002403965795662373
46-47	0.002782367819053673	1.7807154041943505E-5	0.0	6.009914489155932E-4	0.008142321185678668	0.0024796462003406333
48-49	0.0033700039024378084	1.7807154041943505E-5	0.0	6.45509334020452E-4	0.008409428496307821	0.002617651644165695
50-51	0.004215843719430125	1.7807154041943505E-5	0.0	6.766718535938532E-4	0.008658728652895029	0.0026844284718229834
52-53	0.005408923040240339	1.7807154041943505E-5	0.0	6.766718535938532E-4	0.008867962712887867	0.0027556570879907574
54-55	0.0070249222695467125	1.7807154041943505E-5	0.0	6.81123642104339E-4	0.00917513612011139	0.002875855377773876
56-57	0.008943643117566125	1.7807154041943505E-5	0.0	7.122861616777402E-4	0.009419984488188114	0.0030005054560674803
58-59	0.011084953391109832	1.7807154041943505E-5	0.0	7.122861616777402E-4	0.009762772203495525	0.0030316679756408815
60-61	0.01417449461738703	1.7807154041943505E-5	0.0	7.122861616777402E-4	0.010065493822208567	0.0030761858607457407
62-63	0.0180609059870412	1.7807154041943505E-5	0.0	7.167379501882261E-4	0.010452799422620838	0.0031741252079764298
64-65	0.022672958883904568	1.7807154041943505E-5	0.0	7.523522582721131E-4	0.0110003694094106	0.003280968132228091
66-67	0.028397958908389406	1.7807154041943505E-5	0.0	7.701594123140566E-4	0.011280832085571211	0.003410069999032181
68-69	0.03571669921962818	1.7807154041943505E-5	0.0	7.790629893350284E-4	0.011645878743431051	0.0034145217875426667
70-71	0.04505209972611707	1.7807154041943505E-5	0.0	7.924183548664859E-4	0.011979762881717492	0.003463491461158012
72-73	0.05666236416146424	1.7807154041943505E-5	0.0	8.013219318874577E-4	0.012349261328087821	0.0034723950381789835
74-75	0.07013792798270499	1.7807154041943505E-5	0.0	8.102255089084294E-4	0.012576302542122601	0.003485750403710441
76-77	0.08559008590260145	1.7807154041943505E-5	0.0	8.235808744398871E-4	0.012887927737856611	0.003672725521150848
78-79	0.1063131614189132	1.7807154041943505E-5	0.0	8.28032662950373E-4	0.01318174577954868	0.003779568445402509
80-81	0.13153699511932618	1.7807154041943505E-5	0.0	8.413880284818306E-4	0.013497822763793178	0.003930929254759029
82-83	0.16105235294384754	1.7807154041943505E-5	0.0	8.458398169923165E-4	0.013858417633142533	0.0040733864870945765
84-85	0.19379525743847115	1.7807154041943505E-5	0.0	8.458398169923165E-4	0.014321403638233064	0.004157970468793808
86-87	0.23281518373287988	1.7807154041943505E-5	0.0	8.458398169923165E-4	0.014775486066302624	0.00422029550794061
88-89	0.28051164583422555	1.7807154041943505E-5	0.0	8.458398169923165E-4	0.015042593376931776	0.0042559098160244975
90-91	0.3367243793561307	1.7807154041943505E-5	0.0	8.458398169923165E-4	0.015269634590966554	0.00434049379772373
92-93	0.40564696907547304	1.7807154041943505E-5	0.0	8.458398169923165E-4	0.015607970517763482	0.0044339813564439326
94-95	0.4852004297578556	1.7807154041943505E-5	0.0	8.502916055028024E-4	0.015950758233070895	0.004545276069206079
96-97	0.5700025490941012	1.7807154041943505E-5	0.0	8.591951825237741E-4	0.016329160256462194	0.004549727857716565
98-99	0.6676480782830982	1.7807154041943505E-5	0.0	8.680987595447459E-4	0.01667194797176961	0.004585342165800452
100-101	0.7863327599726517	1.7807154041943505E-5	0.0	8.725505480552318E-4	0.01693905528239876	0.004678829724520656
102-103	0.9220054666182194	1.7807154041943505E-5	0.0	8.725505480552318E-4	0.017299650151748114	0.004807931591324746
104-105	1.0661232160681786	1.7807154041943505E-5	0.0	8.814541250762035E-4	0.01772702184875476	0.004852449476429605
106-107	1.2217666459717857	1.7807154041943505E-5	0.0	8.903577020971753E-4	0.01808316492959363	0.004874708418982035
108-109	1.3902668410936763	1.7807154041943505E-5	0.0	8.903577020971753E-4	0.01852389199213173	0.0049592924006812665
110-111	1.5904593186217155	1.7807154041943505E-5	0.0	8.903577020971753E-4	0.01892455295807546	0.005079490690464384
112-113	1.8181994634526415	1.7807154041943505E-5	0.0	8.903577020971753E-4	0.01929850319295627	0.00518188182620556
114-115	2.0497904053451377	1.7807154041943505E-5	0.0	8.903577020971753E-4	0.019681357004858062	0.00523530328833139
116-117	2.300319255561241	1.7807154041943505E-5	0.0	8.948094906076611E-4	0.019908398218892835	0.0053020801159886785
118-119	2.5632463367790472	1.7807154041943505E-5	0.0	8.99261279118147E-4	0.020246734145689765	0.005346598001093538
120-121	2.854749448445663	1.7807154041943505E-5	0.0	8.99261279118147E-4	0.020567262918444747	0.005368856943645967
122-123	3.183741071159079	1.7807154041943505E-5	0.0	8.99261279118147E-4	0.020789852343969042	0.005422278405771797
124-125	3.5213780671598593	1.7807154041943505E-5	0.0	9.037130676286329E-4	0.021034700712045766	0.005475699867897628
126-127	3.8611786323767356	1.7807154041943505E-5	0.0	9.081648561391187E-4	0.021368584850332203	0.005546928484065402
128-129	4.216328964377768	1.7807154041943505E-5	0.0	9.081648561391187E-4	0.02168021004606622	0.00559144636917026
130-131	4.595728188395416	1.7807154041943505E-5	0.0	9.081648561391187E-4	0.02193396199116391	0.005613705311722689
132-133	5.0180159429230855	1.7807154041943505E-5	0.0	9.081648561391187E-4	0.02213429247413578	0.005622608888743661
134-135	5.476029300247404	1.7807154041943505E-5	0.0	9.081648561391187E-4	0.02243256230433833	0.005680482139379979
136-137	5.940016957752794	1.7807154041943505E-5	0.0	9.215202216705763E-4	0.022681862460925538	0.005787325063631639
138-139	6.401738654906348	1.7807154041943505E-5	0.0	9.259720101810622E-4	0.022989035868149064	0.005903071564904272
>>END_MODULE
