##FastQC	0.12.1
>>Basic Statistics	pass
#Measure	Value
Filename	Men-IGT.R2.fastq.gz
File type	Conventional base calls
Encoding	Sanger / Illumina 1.9
Total Sequences	10186471
Total Bases	1.5 Gbp
Sequences flagged as poor quality	0
Sequence length	50-150
%GC	52
>>END_MODULE
>>Per base sequence quality	pass
#Base	Mean	Median	Lower Quartile	Upper Quartile	10th Percentile	90th Percentile
1	36.43190109705314	37.0	34.0	40.0	33.0	40.0
2	36.0836684264845	37.0	34.0	40.0	32.0	40.0
3	35.80546756575462	36.0	34.0	40.0	31.0	40.0
4	35.93815345864137	37.0	34.0	40.0	31.0	40.0
5	35.913172677760535	36.0	34.0	40.0	31.0	40.0
6	35.70704201680837	36.0	34.0	40.0	31.0	40.0
7	35.62400383803184	36.0	34.0	40.0	30.0	40.0
8	35.65989173286803	36.0	34.0	40.0	30.0	40.0
9	35.64714659276996	36.0	34.0	40.0	30.0	40.0
10-14	35.66143010665813	36.0	34.0	40.0	30.0	40.0
15-19	35.558947843664406	36.0	34.0	40.0	30.0	40.0
20-24	35.52372357414064	36.0	34.0	40.0	30.0	40.0
25-29	35.50875841103361	36.0	34.0	40.0	30.0	40.0
30-34	35.44978530837618	36.0	34.0	40.0	30.0	40.0
35-39	35.38732491360354	36.0	34.0	40.0	30.0	40.0
40-44	35.33508505546229	36.0	34.0	40.0	30.0	40.0
45-49	35.24798976996057	36.0	34.0	40.0	30.0	40.0
50-54	35.19728577792989	36.0	34.0	40.0	30.0	40.0
55-59	35.123013389533995	36.0	34.0	40.0	30.0	40.0
60-64	35.067021171823214	36.0	34.0	40.0	30.0	40.0
65-69	34.977106804684794	36.0	34.0	40.0	30.0	40.0
70-74	34.89187312177351	36.0	34.0	40.0	30.0	40.0
75-79	34.80334135178128	36.0	34.0	40.0	30.0	40.0
80-84	34.70066446500026	36.0	34.0	40.0	30.0	40.0
85-89	34.62616020455114	36.0	34.0	40.0	30.0	40.0
90-94	34.49556254369223	35.4	33.6	40.0	30.0	40.0
95-99	34.38277250143688	35.0	33.0	40.0	30.0	40.0
100-104	34.25580123805845	35.0	33.0	40.0	30.0	40.0
105-109	34.12444453490819	35.0	33.0	40.0	30.0	40.0
110-114	33.999193460435364	35.0	32.8	40.0	28.8	40.0
115-119	33.84731643581536	35.0	32.0	40.0	24.0	40.0
120-124	33.64760017501358	34.8	32.0	40.0	24.0	40.0
125-129	33.48774951820859	34.2	32.0	40.0	23.2	40.0
130-134	33.26194511921028	34.0	31.0	39.2	22.6	40.0
135-139	33.05542158909567	34.0	31.0	39.0	22.0	40.0
140-144	32.81799863497061	34.0	30.2	39.0	21.0	40.0
145-149	32.589724082166825	34.0	30.0	38.4	20.4	40.0
150	32.426374663114885	34.0	30.0	38.0	20.0	40.0
>>END_MODULE
>>Per sequence quality scores	pass
#Quality	Count
20	5.0
21	1068.0
22	22044.0
23	79853.0
24	134076.0
25	175648.0
26	208556.0
27	235028.0
28	264004.0
29	297462.0
30	337737.0
31	387040.0
32	450485.0
33	537899.0
34	670832.0
35	924366.0
36	1695745.0
37	3409550.0
38	355071.0
39	2.0
>>END_MODULE
>>Per base sequence content	pass
#Base	G	A	T	C
1	33.374957259394314	19.23903020571742	22.076044360502863	25.3099681743854
2	28.81799143155775	24.86797901800716	20.213177329999883	26.100852220435204
3	21.609830098457465	25.51178631883656	25.742151641168853	27.13623194153712
4	25.070444215534216	24.683124969505997	24.196497123771245	26.049933691188542
5	25.98548296273375	26.39561901111838	21.74580046917569	25.873097556972173
6	25.255344911233763	28.383353206200653	21.21621162610841	25.145090256457177
7	25.47447002469367	26.604572873408493	24.514839269309388	23.406117832588453
8	24.294645319267094	24.777845045649276	23.970921823661993	26.956587811421638
9	24.49843522845154	23.830500278261233	25.105573853790975	26.565490639496247
10-14	26.13945555323907	24.434075994687422	23.11598701567521	26.31048143639829
15-19	25.746693561165113	24.16547896551994	23.796411728377088	26.291415744937858
20-24	26.218810267214	23.847361262388446	23.534489351248062	26.399339119149495
25-29	26.05498826678227	23.970225585639923	23.660498873799586	26.31428727377822
30-34	25.962096775824467	23.99797577626838	23.759865994723974	26.28006145318318
35-39	26.0417943693061	24.02545199175279	23.710799887316696	26.221953751624415
40-44	26.074707536046105	23.96625759132041	23.60559287030668	26.35344200232681
45-49	25.989522404820608	24.010461888053825	23.7306630068017	26.269352700323868
50-54	26.128254229297937	23.915695402193908	23.65854961111134	26.29750075739682
55-59	26.156780437138245	23.817690796747275	23.66279808629096	26.36273067982352
60-64	26.04757503582187	23.886668735737334	23.73110942013941	26.334646808301386
65-69	26.193108439309253	23.807181268465555	23.67724684043228	26.32246345179291
70-74	26.170193353565015	23.761617650144476	23.69019877284954	26.377990223440968
75-79	26.091116851413894	23.813949328861202	23.711307866895513	26.383625952829387
80-84	26.155730341931395	23.859936631164956	23.724035571541837	26.260297455361815
85-89	26.146375857834297	23.736983619929884	23.691705060424336	26.424935461811483
90-94	26.045610742330354	23.819481218468262	23.802003836546557	26.332904202654827
95-99	26.15077297598059	23.831869730145893	23.728144810032813	26.289212483840707
100-104	26.17957693139681	23.740301377871948	23.705209561451962	26.37491212927928
105-109	26.10488491369136	23.80019301672806	23.737950601856024	26.356971467724556
110-114	26.15576050630809	23.8388872074081	23.68687228201557	26.318480004268235
115-119	26.163181545451973	23.757072152606646	23.69931036863246	26.380435933308917
120-124	26.06440033346477	23.81160415742329	23.7302685182562	26.393726990855736
125-129	26.135070831016506	23.83979662424303	23.729201981203243	26.295930563537222
130-134	26.128115421082875	23.802771418342616	23.712635839426525	26.35647732114798
135-139	26.034799498103055	23.88839177982199	23.741113441012185	26.335695281062772
140-144	26.09442265507571	23.887371155385427	23.73982652394691	26.27837966559195
145-149	26.080927373630182	23.83822966081317	23.699860711712713	26.38098225384394
150	25.8607304851221	24.083127832472055	23.97562844366809	26.08051323873775
>>END_MODULE
>>Per sequence GC content	warn
#GC Content	Count
0	0.0
1	0.0
2	0.0
3	0.0
4	0.0
5	0.5
6	4.0
7	6.0
8	12.0
9	15.5
10	30.0
11	34.0
12	28.5
13	66.0
14	183.0
15	271.0
16	385.5
17	588.5
18	887.0
19	1358.5
20	1842.0
21	2454.5
22	3413.5
23	4825.0
24	6644.5
25	9353.5
26	12220.5
27	14732.0
28	17993.0
29	22048.0
30	26307.5
31	31455.5
32	38696.5
33	45737.0
34	52065.5
35	60798.5
36	69773.5
37	77669.0
38	88889.0
39	104398.0
40	120637.5
41	139043.0
42	161772.0
43	184692.5
44	210283.5
45	243760.0
46	277126.5
47	305803.0
48	336261.5
49	372059.0
50	413636.0
51	453851.5
52	487795.0
53	520043.0
54	545569.5
55	552403.5
56	548479.5
57	537124.5
58	508316.0
59	470068.0
60	427317.5
61	375546.0
62	319892.0
63	263165.0
64	208886.5
65	160400.0
66	118186.0
67	83764.0
68	56682.0
69	38302.0
70	25913.0
71	16376.0
72	9518.0
73	5157.5
74	2634.0
75	1383.0
76	716.0
77	351.5
78	201.5
79	142.0
80	81.0
81	55.5
82	25.0
83	5.5
84	2.0
85	0.0
86	1.0
87	1.5
88	0.5
89	0.5
90	0.5
91	0.0
92	0.0
93	0.0
94	0.0
95	0.0
96	0.0
97	0.0
98	0.0
99	0.0
100	0.0
>>END_MODULE
>>Per base N content	pass
#Base	N-Count
1	2.1597273481660138E-4
2	2.1597273481660138E-4
3	4.123115846498753E-4
4	4.123115846498753E-4
5	9.326095367080513E-4
6	5.202979520581761E-4
7	5.202979520581761E-4
8	0.0
9	0.0
10-14	0.0051774554701034346
15-19	0.01363769650941921
20-24	6.47918204449804E-4
25-29	6.87185974416459E-5
30-34	0.0024071142989559387
35-39	4.5354274311486286E-4
40-44	1.9633884983327397E-5
45-49	1.1191314440496615E-4
50-54	1.7670924966896467E-4
55-59	0.0
60-64	0.0
65-69	3.9282408600883366E-6
70-74	7.858590634068814E-6
75-79	6.073306101860468E-4
80-84	0.0
85-89	0.0
90-94	0.0
95-99	0.0
100-104	1.981468631657405E-5
105-109	1.989083551434687E-5
110-114	9.795024127743107E-5
115-119	6.034452621038346E-6
120-124	0.0015563284509607592
125-129	7.72611297416719E-4
130-134	0.0
135-139	0.0
140-144	0.0
145-149	6.4139869385569985E-6
150	0.0
>>END_MODULE
>>Sequence Length Distribution	warn
#Length	Count
50-54	718.0
55-59	971.0
60-64	1332.0
65-69	2167.0
70-74	3649.0
75-79	5426.0
80-84	8297.0
85-89	12333.0
90-94	19022.0
95-99	25673.0
100-104	35346.0
105-109	44245.0
110-114	57675.0
115-119	68321.0
120-124	81574.0
125-129	88036.0
130-134	100736.0
135-139	106388.0
140-144	119542.0
145-149	124037.0
150-151	9280983.0
>>END_MODULE
>>Sequence Duplication Levels	fail
#Total Deduplicated Percentage	27.08715382104722
#Duplication Level	Percentage of total
1	13.376362543622353
2	4.827849600780738
3	6.056113251877113
4	7.015552433201454
5	7.271529204674356
6	7.470886846688667
7	7.07320260510817
8	6.314657352902326
9	5.663952884398206
>10	33.78151288844896
>50	0.5468866031872822
>100	0.47961305033881235
>500	0.098736340334778
>1k	0.023144394436837117
>5k	0.0
>10k+	0.0
>>END_MODULE
>>Overrepresented sequences	pass
>>END_MODULE
>>Adapter Content	pass
#Position	Illumina Universal Adapter	Illumina Small RNA 3' Adapter	Illumina Small RNA 5' Adapter	Nextera Transposase Sequence	PolyA	PolyG
1	0.0	0.0	0.0	0.0	4.908471245831849E-5	0.0
2	0.0	0.0	0.0	0.0	2.0615579232493767E-4	0.0
3	0.0	0.0	0.0	0.0	4.22128527141539E-4	0.0
4	0.0	0.0	0.0	0.0	5.399318370415034E-4	1.9633884983327397E-5
5	0.0	0.0	0.0	0.0	5.791996070081582E-4	2.9450827474991093E-5
6	0.0	0.0	0.0	0.0	6.086504344831493E-4	5.8901654949982185E-5
7	0.0	0.0	0.0	0.0	6.381012619581404E-4	6.871859744164588E-5
8	0.0	0.0	0.0	0.0	7.068198593997863E-4	6.871859744164588E-5
9	0.0	0.0	0.0	0.0	7.657215143497684E-4	6.871859744164588E-5
10-11	0.0	0.0	0.0	0.0	0.001011145076641361	1.61979551112451E-4
12-13	0.0	0.0	0.0	0.0	0.0011731246277538118	2.8469133225824723E-4
14-15	0.0	0.0	0.0	0.0	0.0012418432251954576	3.5831840094572497E-4
16-17	0.0	0.0	0.0	0.0	0.0012909279376537763	4.319454696332027E-4
18-19	0.0	0.0	0.0	0.0	0.0013596465350954221	5.20297952058176E-4
20-21	0.0	0.0	0.0	0.0	0.0014234566612912362	6.037419632373175E-4
22-23	0.0	0.0	0.0	0.0	0.0015069006724703776	7.019113881539544E-4
24-25	0.0	0.0	0.0	0.0	0.0015658023274203597	8.000808130705914E-4
26-27	0.0	0.0	0.0	0.0	0.001624703982370342	8.687994105122372E-4
28-29	0.0	0.0	0.0	0.0	0.0017474157635161383	9.767857779205379E-4
30-31	0.0	0.0	0.0	0.0	0.0018701275446619343	0.001070046731591343
32-33	9.816942491663699E-6	0.0	0.0	0.0	0.002081191808232704	0.0011780330989996438
34-35	1.9633884983327397E-5	0.0	0.0	4.908471245831849E-6	0.002218629003115996	0.0012909279376537763
36-37	2.4542356229159245E-5	0.0	0.0	9.816942491663699E-6	0.002405150910457606	0.0013400126501120946
38-39	2.9450827474991093E-5	0.0	0.0	9.816942491663699E-6	0.0025769474040617207	0.0014087312475537406
40-41	2.9450827474991093E-5	0.0	0.0	9.816942491663699E-6	0.0026751168289783577	0.0014774498449953866
42-43	2.9450827474991093E-5	0.0	0.0	2.9450827474991093E-5	0.0027634693114033312	0.0015510769136828644
44-45	2.9450827474991093E-5	0.0	0.0	3.435929872082294E-5	0.0028370963800908085	0.001595253154895351
46-47	3.435929872082294E-5	0.0	0.0	4.908471245831849E-5	0.002915631920024118	0.0016001616261411829
48-49	3.9267769966654795E-5	0.0	0.0	5.399318370415034E-5	0.0029696251037282686	0.0017081479935494835
50-51	5.399318370415034E-5	0.0	0.0	6.871859744164588E-5	0.0030383437011699144	0.0017670496484994656
52-53	1.2271178114579622E-4	0.0	0.0	6.871859744164588E-5	0.003082519942382401	0.0018603106021702707
54-55	2.012473210791058E-4	0.0	0.0	6.871859744164588E-5	0.0031659639535615426	0.0019682969695785715
56-57	2.503320335374243E-4	0.0	0.0	6.871859744164588E-5	0.0032592249072323476	0.0021793612331493413
58-59	2.9941674599574277E-4	0.0	0.0	6.871859744164588E-5	0.0032984926771990027	0.0022726221868201463
60-61	3.730438146832205E-4	0.0	0.0	7.362706868747773E-5	0.003347577389657321	0.0023658831404909514
62-63	5.595657220248308E-4	0.0	0.0	8.344401117914144E-5	0.0034359298720822943	0.0024395102091784287
64-65	8.049892843164231E-4	0.0	0.0	8.835248242497328E-5	0.0035193738832614355	0.0026162151740283758
66-67	0.0010651382603455112	0.0	0.0	8.835248242497328E-5	0.003612634836932241	0.0027487438976658354
68-69	0.0013154702938829356	0.0	0.0	8.835248242497328E-5	0.0036519026068988956	0.0028321879088449766
70-71	0.0013252872363745992	0.0	0.0	8.835248242497328E-5	0.0037206212043405414	0.0029450827474991094
72-73	0.0013449211213579265	0.0	0.0	8.835248242497328E-5	0.0037893398017821876	0.0030530691149074102
74-75	0.0013449211213579265	0.0	0.0	8.835248242497328E-5	0.0038924176979446565	0.003087428413628233
76-77	0.0013449211213579265	0.0	0.0	8.835248242497328E-5	0.004078939605286267	0.003205231723528197
78-79	0.0013449211213579265	0.0	0.0	8.835248242497328E-5	0.0041967429151862305	0.003347577389657321
80-81	0.0013498295926037585	0.0	0.0	8.835248242497328E-5	0.004339088581315355	0.0035242823545072674
82-83	0.0013547380638495904	0.0	0.0	8.835248242497328E-5	0.004550152844886124	0.0037206212043405414
84-85	0.0013547380638495904	0.0	0.0	8.835248242497328E-5	0.00478085099344022	0.0038236991005030103
86-87	0.0013547380638495904	0.0	0.0	8.835248242497328E-5	0.004913379717077681	0.0038875092266988246
88-89	0.0013596465350954223	0.0	0.0	8.835248242497328E-5	0.00501645761324015	0.003966044766632135
90-91	0.001364555006341254	0.0	0.0	8.835248242497328E-5	0.005104810095665123	0.004074031134040435
92-93	0.001364555006341254	0.0	0.0	8.835248242497328E-5	0.00525697270428591	0.004152566673973745
94-95	0.001364555006341254	0.0	0.0	8.835248242497328E-5	0.005453311554119184	0.00427527845511954
96-97	0.001364555006341254	0.0	0.0	8.835248242497328E-5	0.0057330944151315994	0.004422532592494496
98-99	0.0013743719488329177	0.0	0.0	8.835248242497328E-5	0.005880348552506555	0.00459432908609861
100-101	0.0013743719488329177	0.0	0.0	8.835248242497328E-5	0.005983426448669024	0.004756308637211062
102-103	0.0013743719488329177	0.0	0.0	8.835248242497328E-5	0.0061061382298148205	0.004913379717077681
104-105	0.0013743719488329177	0.0	0.0	8.835248242497328E-5	0.006268117780927271	0.005060633854452636
106-107	0.0013792804200787497	0.0	0.0	8.835248242497328E-5	0.006376104148335572	0.005129352451894283
108-109	0.0013841888913245814	0.0	0.0	8.835248242497328E-5	0.006469365102006377	0.0052324303480567515
110-111	0.001389097362570413	0.0	0.0	8.835248242497328E-5	0.00655771758443135	0.005394409899169202
112-113	0.001398914305062077	0.0	0.0	8.835248242497328E-5	0.0066804293655771466	0.005487670852840007
114-115	0.0014283651325370681	0.0	0.0	8.835248242497328E-5	0.00674423949177296	0.005566206392773316
116-117	0.001457815960012059	0.0	0.0	8.835248242497328E-5	0.006827683502952102	0.005644741932706626
118-119	0.0014823583162412184	0.0	0.0	8.835248242497328E-5	0.006911127514131244	0.005782179127589918
120-121	0.0015019922012245459	0.0	0.0	8.835248242497328E-5	0.006989663054064553	0.005845989253785732
122-123	0.0015314430286995368	0.0	0.0	8.835248242497328E-5	0.007136917191439508	0.005934341736210706
124-125	0.0015412599711912005	0.0	0.0	8.835248242497328E-5	0.00732834757002695	0.00599815186240652
126-127	0.0015559853849286963	0.0	0.0	8.835248242497328E-5	0.007500144063631065	0.00616013141351897
128-129	0.0015756192699120236	0.0	0.0	8.835248242497328E-5	0.007617947373531029	0.006223941539714784
130-131	0.001590344683649519	0.0	0.0	8.835248242497328E-5	0.0077455676259226575	0.006268117780927271
132-133	0.001595253154895351	0.0	0.0	8.835248242497328E-5	0.007814286223364303	0.006376104148335572
134-135	0.0016099785686328465	0.0	0.0	8.835248242497328E-5	0.007902638705789278	0.006528266756956359
136-137	0.0016296124536161738	0.0	0.0	8.835248242497328E-5	0.007941906475755931	0.006621527710627165
138-139	0.0016296124536161738	0.0	0.0	8.835248242497328E-5	0.0080449843719184	0.006700063250560474
>>END_MODULE
