##FastQC	0.12.1
>>Basic Statistics	pass
#Measure	Value
Filename	raw.R2.fastq
File type	Conventional base calls
Encoding	Sanger / Illumina 1.9
Total Sequences	11231441
Total Bases	1.6 Gbp
Sequences flagged as poor quality	0
Sequence length	150
%GC	51
>>END_MODULE
>>Per base sequence quality	pass
#Base	Mean	Median	Lower Quartile	Upper Quartile	10th Percentile	90th Percentile
1	36.53058543422879	37.0	34.0	40.0	33.0	40.0
2	36.17951151593104	37.0	34.0	40.0	32.0	40.0
3	35.8844772456179	36.0	34.0	40.0	32.0	40.0
4	36.03187044298234	37.0	34.0	40.0	32.0	40.0
5	35.99000600190127	37.0	34.0	40.0	32.0	40.0
6	35.80750502094967	36.0	34.0	40.0	31.0	40.0
7	35.718882999964116	36.0	34.0	40.0	31.0	40.0
8	35.76511019378546	36.0	34.0	40.0	31.0	40.0
9	35.76082730613106	36.0	34.0	40.0	30.0	40.0
10-14	35.772792146617704	36.6	34.0	40.0	30.4	40.0
15-19	35.66839069002811	36.0	34.0	40.0	30.0	40.0
20-24	35.64265328019797	36.0	34.0	40.0	30.0	40.0
25-29	35.63042209810834	36.0	34.0	40.0	30.0	40.0
30-34	35.56907078975886	36.0	34.0	40.0	30.0	40.0
35-39	35.51382544768743	36.0	34.0	40.0	30.0	40.0
40-44	35.46599436350154	36.0	34.0	40.0	30.0	40.0
45-49	35.383628423102614	36.0	34.0	40.0	30.0	40.0
50-54	35.337030359684036	36.0	34.0	40.0	30.0	40.0
55-59	35.26753092501666	36.0	34.0	40.0	30.0	40.0
60-64	35.21603690924432	36.0	34.0	40.0	30.0	40.0
65-69	35.12814101057914	36.0	34.0	40.0	30.0	40.0
70-74	35.050379056436306	36.0	34.0	40.0	30.0	40.0
75-79	34.967491597916954	36.0	34.0	40.0	30.0	40.0
80-84	34.874604336166655	36.0	34.0	40.0	30.0	40.0
85-89	34.80335490343581	36.0	34.0	40.0	30.0	40.0
90-94	34.683645847402836	36.0	34.0	40.0	30.0	40.0
95-99	34.57852932673554	36.0	34.0	40.0	30.0	40.0
100-104	34.462912675230186	35.4	33.6	40.0	30.0	40.0
105-109	34.34578223755972	35.0	33.0	40.0	30.0	40.0
110-114	34.24089368407847	35.0	33.0	40.0	30.0	40.0
115-119	34.11041397092323	35.0	33.0	40.0	30.0	40.0
120-124	33.939163567702494	35.0	33.0	40.0	27.2	40.0
125-129	33.810789782005706	35.0	32.4	40.0	24.0	40.0
130-134	33.62453736791209	35.0	32.0	40.0	23.6	40.0
135-139	33.45925537070443	34.0	32.0	40.0	23.0	40.0
140-144	33.267634295545875	34.0	31.2	39.2	22.2	40.0
145-149	33.0881671194284	34.0	31.0	39.0	22.0	40.0
150	32.96279266391552	34.0	31.0	39.0	21.0	40.0
>>END_MODULE
>>Per sequence quality scores	pass
#Quality	Count
20	5.0
21	1096.0
22	22435.0
23	81363.0
24	136777.0
25	179922.0
26	214345.0
27	241662.0
28	271846.0
29	306907.0
30	349169.0
31	401239.0
32	468439.0
33	562158.0
34	706647.0
35	985913.0
36	1968728.0
37	4011657.0
38	321130.0
39	3.0
>>END_MODULE
>>Per base sequence content	pass
#Base	G	A	T	C
1	32.91016026761552	19.41896422051174	21.966435502832542	25.704440009040198
2	28.316683157000593	25.17752079709979	20.17509466544005	26.330701380459566
3	21.179381070966404	26.1128211027943	26.169755856403675	26.538041969835625
4	24.963376245367936	25.066346607285073	24.478087009421557	25.492190137925437
5	25.720752863591688	27.056148853165386	22.0334728718974	25.189625411345524
6	25.071008384955018	28.776283787080626	21.554414949673532	24.598292878290824
7	25.01351385643303	27.0434816288571	25.003033995440326	22.939970519269544
8	23.876831191795514	25.132674734216483	24.608413098438618	26.38208097554939
9	24.20666496607952	24.154026896878086	25.535749502622778	26.103558634419617
10-14	25.789756528764862	24.798104608551217	23.537242804964496	25.874896057719425
15-19	25.395624197962764	24.56460963015634	24.17468291944716	25.865083252433735
20-24	25.79145913935175	24.232937122184293	23.9701755480112	26.005428190452758
25-29	25.67159789741642	24.37024997528199	24.036880977733276	25.92127114956831
30-34	25.541226808789062	24.427087607948277	24.142166711122663	25.88951887214
35-39	25.668628090893993	24.47514233061591	24.076785429288414	25.779444149201687
40-44	25.680682576425767	24.402247902118884	23.995548430099507	25.921521091355835
45-49	25.626850299676313	24.44422204317337	24.11863429909008	25.81029335806024
50-54	25.71559086446163	24.34262955869439	24.06948648639408	25.8722930904499
55-59	25.74309876027173	24.252111979893193	24.078421846019534	25.926367413815537
60-64	25.64381821808979	24.29304196652403	24.15787655196046	25.90526326342572
65-69	25.799666973011988	24.249483205889895	24.086355080823502	25.86449474027462
70-74	25.760562619337207	24.207535773872436	24.10038448247438	25.931517124315977
75-79	25.720648240889076	24.27467016102525	24.075177810799257	25.929503787286418
80-84	25.78208487730265	24.27619793891448	24.0897000498814	25.852017133901466
85-89	25.78419990809728	24.20763105998598	24.05157806553941	25.956590966377334
90-94	25.674229181250357	24.28118437451381	24.16314430759666	25.881442136639176
95-99	25.790567186972325	24.351275187062427	24.0782836635575	25.779873962407752
100-104	25.870986877188688	24.286189638821064	24.022390670470863	25.820432813519385
105-109	25.882170442635882	24.39251578701677	24.008597392905795	25.716716377441557
110-114	26.005916976416287	24.406170759550097	23.94044045776699	25.647471806266626
115-119	26.09951262013236	24.401188823808273	23.911679213451112	25.58761934260826
120-124	26.12020005976718	24.467402489206826	23.89701773176077	25.515379719265223
125-129	26.327518272014654	24.531363471071966	23.875303672852137	25.265814584061243
130-134	26.491669341361263	24.55163250394295	23.782339052122424	25.174359102573362
135-139	26.579614303131223	24.713830781821258	23.740465997228704	24.96608891781881
140-144	26.831952274103166	24.770402245546624	23.66679661777619	24.730848862574025
145-149	26.997161308318258	24.789605386740313	23.586202902812083	24.62703040212935
150	26.934464968922434	24.952630626262252	23.810468015021797	24.30243638979352
>>END_MODULE
>>Per sequence GC content	warn
#GC Content	Count
0	0.0
1	0.5
2	1.0
3	1.0
4	1.0
5	1.5
6	5.5
7	8.0
8	13.5
9	18.5
10	32.5
11	35.5
12	35.0
13	78.5
14	200.0
15	297.5
16	439.0
17	687.0
18	1086.5
19	1716.5
20	2415.0
21	3357.0
22	4819.5
23	6894.0
24	9712.0
25	13711.0
26	18035.5
27	22423.0
28	27842.5
29	34331.0
30	41195.0
31	49148.0
32	59892.0
33	70962.0
34	81420.0
35	94500.0
36	108301.0
37	120099.5
38	134253.0
39	151920.5
40	168506.5
41	185456.0
42	205417.5
43	225481.0
44	248473.5
45	279750.5
46	311508.0
47	338684.0
48	368113.0
49	403031.0
50	443150.0
51	481391.5
52	513445.0
53	544091.5
54	567658.5
55	572665.5
56	567381.0
57	554592.5
58	524366.0
59	484390.0
60	439494.5
61	385875.5
62	328535.0
63	270324.5
64	214808.0
65	165160.5
66	122069.5
67	86984.0
68	59283.5
69	40372.0
70	27629.0
71	17739.0
72	10558.5
73	6030.0
74	3294.0
75	1879.5
76	1139.0
77	730.5
78	515.0
79	405.5
80	329.0
81	255.5
82	196.0
83	150.0
84	99.0
85	63.0
86	39.0
87	21.0
88	9.0
89	3.5
90	2.0
91	1.0
92	2.0
93	1.5
94	0.0
95	0.0
96	0.0
97	0.0
98	0.0
99	0.0
100	0.0
>>END_MODULE
>>Per base N content	pass
#Base	N-Count
1	0.01423681965653383
2	0.014512830544183956
3	0.009277527255852566
4	0.009126166446496047
5	0.005475699867897628
6	0.0033210342288224636
7	0.0033477449598853792
8	2.3149300254526558E-4
9	2.3149300254526558E-4
10-14	0.010415404399132756
15-19	0.040618118369673134
20-24	0.009186710770238655
25-29	0.006789867836193059
30-34	0.021007099623280755
35-39	0.006750692097300783
40-44	0.0030895412262771983
45-49	0.004362752740276159
50-54	0.0029435225631332614
55-59	5.377760520666938E-4
60-64	1.5670295556910284E-4
65-69	0.006763157105130144
70-74	2.831337492669017E-4
75-79	0.002078094876694807
80-84	1.7807154041943504E-6
85-89	0.0
90-94	3.5614308083887007E-6
95-99	2.6710731062915254E-4
100-104	0.0061612752985124525
105-109	0.0036362208553648635
110-114	0.0038694945733143238
115-119	3.3299378058434354E-4
120-124	0.010657581694103187
125-129	0.00538666409768791
130-134	0.002245482124689076
135-139	8.369362399713447E-5
140-144	3.3477449598853787E-4
145-149	6.214696760638283E-4
150	2.4930015658720906E-4
>>END_MODULE
>>Sequence Length Distribution	pass
#Length	Count
150	1.1231441E7
>>END_MODULE
>>Sequence Duplication Levels	fail
#Total Deduplicated Percentage	31.91140027484825
#Duplication Level	Percentage of total
1	17.97945073411502
2	6.781513520543142
3	6.175711991203611
4	6.528181064550324
5	6.644793923689943
6	6.810695566350655
7	6.479793172991691
8	5.75389519640629
9	5.082252412582931
>10	30.71768607548465
>50	0.5023358912082471
>100	0.43271368936091203
>500	0.08991502365974582
>1k	0.02106173785280736
>5k	0.0
>10k+	0.0
>>END_MODULE
>>Overrepresented sequences	pass
>>END_MODULE
>>Adapter Content	warn
#Position	Illumina Universal Adapter	Illumina Small RNA 3' Adapter	Illumina Small RNA 5' Adapter	Nextera Transposase Sequence	PolyA	PolyG
1	0.0	0.0	0.0	0.0	6.944790076357967E-4	8.903577020971752E-6
2	0.0	0.0	0.0	0.0	0.0030717340722352547	8.903577020971752E-6
3	0.0	0.0	0.0	8.903577020971752E-6	0.004300427701129357	1.7807154041943505E-5
4	0.0	0.0	0.0	8.903577020971752E-6	0.005662674985338035	4.4517885104858764E-5
5	0.0	0.0	0.0	8.903577020971752E-6	0.007309836734217809	5.342146212583051E-5
6	0.0	0.0	0.0	8.903577020971752E-6	0.007995412164832634	8.903577020971753E-5
7	0.0	0.0	0.0	8.903577020971752E-6	0.008725505480552318	9.793934723068928E-5
8	8.903577020971752E-6	0.0	0.0	8.903577020971752E-6	0.009428888065209086	9.793934723068928E-5
9	3.561430808388701E-5	0.0	0.0	8.903577020971752E-6	0.009909681224341561	1.0684292425166102E-4
10-11	4.006609659437289E-5	0.0	0.0	8.903577020971752E-6	0.01089352648515894	2.047822714823503E-4
12-13	5.342146212583051E-5	0.0	0.0	8.903577020971752E-6	0.012055443286395753	3.427877153074125E-4
14-15	7.122861616777402E-5	0.0	0.0	8.903577020971752E-6	0.013128324317422849	4.2291990849615825E-4
16-17	9.348755872020341E-5	0.0	0.0	8.903577020971752E-6	0.014601866314393674	4.986003131744181E-4
18-19	1.3355365531457627E-4	0.0	0.0	8.903577020971752E-6	0.015919595713497492	5.876360833841356E-4
20-21	1.469090208460339E-4	0.0	0.0	3.116251957340113E-5	0.017375330556426375	6.944790076357967E-4
22-23	1.691679633984633E-4	0.0	0.0	5.342146212583051E-5	0.019080365555942464	7.87966566356E-4
24-25	2.626555221186667E-4	0.0	0.0	5.342146212583051E-5	0.02057616649546572	8.770023365657176E-4
26-27	3.739502348808136E-4	0.0	0.0	5.342146212583051E-5	0.022477080189443187	9.437791642230057E-4
28-29	4.273716970066441E-4	0.0	0.0	5.787325063631639E-5	0.024106434784281018	0.0010550738769851526
30-31	5.164074672163617E-4	0.0	0.0	6.677682765728814E-5	0.026452527329307078	0.0011485614357053561
32-33	6.187986029575368E-4	0.0	0.0	7.122861616777402E-5	0.028126399809249768	0.001255404359957017
34-35	8.770023365657176E-4	0.0	0.0	7.56804046782599E-5	0.029662266845367394	0.0013577954956981923
36-37	9.972006263488362E-4	0.0	0.0	8.013219318874577E-5	0.031077935591701904	0.0014067651693135369
38-39	0.0011663685897472997	0.0	0.0	1.0239113574117515E-4	0.032498056126546895	0.001473541996970825
40-41	0.0013266329761247911	0.0	0.0	1.0684292425166102E-4	0.03402056779713307	0.0015358670361176273
42-43	0.0015225116705861698	0.0	0.0	1.2465007829360453E-4	0.035382815081341744	0.0016204510178168588
44-45	0.0017896189812153223	0.0	0.0	1.3800544382506217E-4	0.03688751959788597	0.0016694206914322036
46-47	0.0021680210046066215	0.0	0.0	1.5581259786700565E-4	0.0383922241144302	0.0016872278454741472
48-49	0.0026888802603334695	0.0	0.0	1.6471617488797742E-4	0.03960756237779284	0.0017896189812153223
50-51	0.0034991057692418987	0.0	0.0	1.7807154041943506E-4	0.0407872863330716	0.0018474922318516386
52-53	0.004647667204947255	0.0	0.0	1.7807154041943506E-4	0.04217624434834319	0.001976594098655729
54-55	0.0061701788755334245	0.0	0.0	1.7807154041943506E-4	0.04356965415212527	0.002092340599928362
56-57	0.008004315741853604	0.0	0.0	1.7807154041943506E-4	0.04521681590100504	0.0023238336024736274
58-59	0.010047686668166623	0.0	0.0	1.7807154041943506E-4	0.04669035789797587	0.002412869372683345
60-61	0.013003674239129244	0.0	0.0	1.8252332892992093E-4	0.04810602664431038	0.0025019051428930624
62-63	0.01680995341559467	0.0	0.0	2.0033048297186443E-4	0.050136042205091935	0.00259094091310278
64-65	0.021377488427353177	0.0	0.0	2.047822714823503E-4	0.051275700063776325	0.002773464242032701
66-67	0.02693332048843955	0.0	0.0	2.047822714823503E-4	0.05257117052032771	0.0029337286284101924
68-69	0.03408734462479035	0.0	0.0	2.047822714823503E-4	0.05375089447560647	0.0030450233411723395
70-71	0.04332925757255903	0.0	0.0	2.1368584850332205E-4	0.05517991858747244	0.0031919323620183734
72-73	0.05498849168152155	0.0	0.0	2.1368584850332205E-4	0.0566401052189118	0.003294323497759548
74-75	0.06837056794404209	4.451788510485876E-6	0.0	2.1368584850332205E-4	0.0580290632341834	0.003352196748395865
76-77	0.08373369009372886	8.903577020971752E-6	0.0	2.1813763701380794E-4	0.059596092789874426	0.0034946539807314127
78-79	0.10447012097557207	4.4517885104858764E-5	0.0	2.4039657956623732E-4	0.06073575064855881	0.003637111213066961
80-81	0.12963608142534871	4.4517885104858764E-5	0.0	2.4484836807672316E-4	0.062262714107655465	0.00381073096497591
82-83	0.15899562665200306	4.4517885104858764E-5	0.0	2.4930015658720906E-4	0.0640167187807869	0.003988802505395345
84-85	0.19163168822237503	4.4517885104858764E-5	0.0	2.4930015658720906E-4	0.06614467368879914	0.0040911936411365205
86-87	0.2305403198040216	4.896967361534464E-5	0.0	2.4930015658720906E-4	0.0685263805419091	0.004149066891772836
88-89	0.27817445686622044	5.342146212583051E-5	0.0	2.5820373360818086E-4	0.07027148163801955	0.004224747296451096
90-91	0.33435602786855223	5.342146212583051E-5	0.0	2.671073106291526E-4	0.0719008362328574	0.004336042009213243
92-93	0.40283343873684596	5.342146212583051E-5	0.0	2.671073106291526E-4	0.0735034800966323	0.004416174202401989
94-95	0.4823868994192286	5.342146212583051E-5	0.0	2.671073106291526E-4	0.07588073516123175	0.004545276069206079
96-97	0.5674383189120613	5.342146212583051E-5	0.0	2.671073106291526E-4	0.07794191324158672	0.0046966368785626
98-99	0.6647054460776671	5.342146212583051E-5	0.0	2.671073106291526E-4	0.0799941877449207	0.004856901264940091
100-101	0.7836305243467869	5.342146212583051E-5	0.0	2.671073106291526E-4	0.0819529746895345	0.005012713862807097
102-103	0.9185152644259984	5.342146212583051E-5	0.0	2.671073106291526E-4	0.08379601513287566	0.005168526460674103
104-105	1.061929631291301	5.342146212583051E-5	0.0	2.849144646710961E-4	0.0857993199625943	0.0053154354815201366
106-107	1.2169008411298248	5.342146212583051E-5	0.0	2.849144646710961E-4	0.0874999031735999	0.005400019463219368
108-109	1.3860732563167986	5.342146212583051E-5	0.0	2.849144646710961E-4	0.08950765979182902	0.005502410598960544
110-111	1.5868266591971592	5.342146212583051E-5	0.0	2.938180416920678E-4	0.09141747706282746	0.005658223196827549
112-113	1.8140370411953373	5.342146212583051E-5	0.0	2.938180416920678E-4	0.09322045140957425	0.005747258967037266
114-115	2.0459307047065467	5.342146212583051E-5	0.0	2.938180416920678E-4	0.09476967381122334	0.005822939371715526
116-117	2.2965396871158386	5.342146212583051E-5	0.0	3.0272161871303956E-4	0.09637231767499824	0.0058941679878833
118-119	2.5612608391033707	5.342146212583051E-5	0.0	3.0272161871303956E-4	0.0981530330791926	0.006023269854687391
120-121	2.8543265285371664	5.342146212583051E-5	0.0	3.0272161871303956E-4	0.09980464661658286	0.006085594893834193
122-123	3.1835407406761074	5.342146212583051E-5	0.0	3.0272161871303956E-4	0.10121586357440687	0.0061835342410648825
124-125	3.5217030477211253	5.342146212583051E-5	0.0	3.0272161871303956E-4	0.10304109686370609	0.006259214645743142
126-127	3.8618642078073506	5.342146212583051E-5	0.0	3.0272161871303956E-4	0.10484407121045287	0.006415027243610148
128-129	4.218630539037689	5.342146212583051E-5	0.0	3.0272161871303956E-4	0.10680730994357715	0.006512966590840837
130-131	4.5991115476633855	5.342146212583051E-5	0.0	3.0272161871303956E-4	0.10815175007374388	0.006588646995519096
132-133	5.021198971708083	5.342146212583051E-5	0.0	3.0272161871303956E-4	0.10951399735795256	0.006708845285302216
134-135	5.4792791058600585	5.342146212583051E-5	0.0	3.0272161871303956E-4	0.11119232162640573	0.0068557543061482495
136-137	5.945492657620692	5.342146212583051E-5	0.0	3.116251957340113E-4	0.11260799037274023	0.00696259723039991
138-139	6.410384028193711	5.342146212583051E-5	0.0	3.205287727549831E-4	0.1140058519650328	0.007064988366141086
>>END_MODULE
