##FastQC	0.12.1
>>Basic Statistics	pass
#Measure	Value
Filename	Men-IGT.R1.fastq.gz
File type	Conventional base calls
Encoding	Sanger / Illumina 1.9
Total Sequences	10186471
Total Bases	1.5 Gbp
Sequences flagged as poor quality	0
Sequence length	50-150
%GC	52
>>END_MODULE
>>Per base sequence quality	pass
#Base	Mean	Median	Lower Quartile	Upper Quartile	10th Percentile	90th Percentile
1	37.207741228537344	39.0	34.0	40.0	34.0	40.0
2	36.94631133785194	38.0	34.0	40.0	33.0	40.0
3	36.73040791064933	38.0	34.0	40.0	33.0	40.0
4	36.86679616522739	38.0	34.0	40.0	34.0	40.0
5	36.96046010438748	38.0	34.0	40.0	33.0	40.0
6	36.89131280106722	38.0	34.0	40.0	33.0	40.0
7	36.67799751258311	38.0	34.0	40.0	33.0	40.0
8	36.7672432386054	38.0	34.0	40.0	33.0	40.0
9	36.73447830951465	38.0	34.0	40.0	33.0	40.0
10-14	36.80268626887565	38.0	34.0	40.0	33.0	40.0
15-19	36.746949655086624	38.0	34.0	40.0	33.0	40.0
20-24	36.725762965407746	38.0	34.0	40.0	33.0	40.0
25-29	36.66413076717148	38.0	34.0	40.0	33.0	40.0
30-34	36.64663652407198	38.0	34.0	40.0	33.0	40.0
35-39	36.61499015704261	38.0	34.0	40.0	33.0	40.0
40-44	36.59297670410096	38.0	34.0	40.0	33.0	40.0
45-49	36.554133026049946	38.0	34.0	40.0	33.0	40.0
50-54	36.53585983649988	38.0	34.0	40.0	33.0	40.0
55-59	36.50642608566772	38.0	34.0	40.0	33.0	40.0
60-64	36.48713425746362	38.0	34.0	40.0	33.0	40.0
65-69	36.47411758232911	38.0	34.0	40.0	33.0	40.0
70-74	36.468792939935305	38.0	34.0	40.0	33.0	40.0
75-79	36.43967340720136	38.0	34.0	40.0	33.0	40.0
80-84	36.39215412565697	38.0	34.0	40.0	33.0	40.0
85-89	36.35972624391735	38.0	34.0	40.0	33.0	40.0
90-94	36.315213412651175	38.0	34.0	40.0	32.2	40.0
95-99	36.26286510797361	38.0	34.0	40.0	32.0	40.0
100-104	36.221017801673455	38.0	34.0	40.0	32.0	40.0
105-109	36.15851470984567	38.0	34.0	40.0	32.0	40.0
110-114	36.09481955808876	38.0	34.0	40.0	31.0	40.0
115-119	36.01002463387481	38.0	34.0	40.0	31.0	40.0
120-124	35.922615500899745	38.0	34.0	40.0	30.8	40.0
125-129	35.82154150109989	38.0	34.0	40.0	30.0	40.0
130-134	35.73497968434742	38.0	34.0	40.0	30.0	40.0
135-139	35.58873272563637	38.0	34.0	40.0	30.0	40.0
140-144	35.467662304765405	38.0	34.0	40.0	30.0	40.0
145-149	35.30345769313986	38.0	34.0	40.0	30.0	40.0
150	35.23480284377164	38.0	34.0	40.0	30.0	40.0
>>END_MODULE
>>Per sequence quality scores	pass
#Quality	Count
24	53.0
25	2965.0
26	27186.0
27	75295.0
28	114729.0
29	143793.0
30	178671.0
31	226979.0
32	297256.0
33	400602.0
34	569383.0
35	857358.0
36	1496206.0
37	3629123.0
38	2165702.0
39	1170.0
>>END_MODULE
>>Per base sequence content	pass
#Base	G	A	T	C
1	34.06806696273689	17.9921270896404	23.204253704133837	24.73555224348887
2	29.12451942871582	24.117850676898435	20.821270579328303	25.936359315057437
3	21.176921824874885	24.67279366794072	26.73884535693032	27.411439150254076
4	24.309954382439063	25.13605358031294	24.97618399698108	25.577808040266913
5	25.742966742502887	26.323562977197597	22.28720085800465	25.64626942229487
6	25.705566269157355	28.69921625127081	21.36219880020749	24.233018679364346
7	24.745946771632273	26.55658773303511	25.179493381795105	23.517972113537517
8	24.471287734448747	24.880920218706265	23.86038784078611	26.787404206058874
9	24.54871934425148	23.54875311495469	25.263440936218135	26.639086604575695
10-14	26.12420613392387	24.411960926345795	23.256752923582404	26.207080016147934
15-19	25.803212908572558	24.078951385617255	23.896446571143233	26.22138913466695
20-24	26.289355754313736	23.724642223985125	23.61494181841778	26.371060203283353
25-29	26.075548637010797	23.862521181280545	23.824307750937493	26.237622430771168
30-34	26.045308527359474	23.956086460168592	23.79751927826624	26.20108573420569
35-39	26.133564756817545	23.90945802912976	23.787207543470487	26.16976967058221
40-44	26.126575140693966	23.868016705687378	23.747097498240556	26.258310655378096
45-49	26.065376311455758	23.929326463983625	23.845320885758774	26.159976338801844
50-54	26.22678526174823	23.82974311098683	23.70874425726179	26.234727370003153
55-59	26.204748829414658	23.732147413784723	23.772042207147976	26.29106154965264
60-64	26.147504734843558	23.79408801112926	23.867578462525636	26.19082879150155
65-69	26.29404741831015	23.71029229896105	23.740763615433288	26.25489666729551
70-74	26.24569706027303	23.664362498905938	23.808530073647642	26.281410367173386
75-79	26.19381561745886	23.71389181165185	23.813615824297052	26.27867674659224
80-84	26.25122967381318	23.750047717804662	23.810097907593196	26.18862470078896
85-89	26.218441060686526	23.66561367832797	23.79634936219082	26.319595898794685
90-94	26.14839887996486	23.726826703588205	23.893412087853918	26.231362328593022
95-99	26.262357316628876	23.706083132977344	23.828383306507455	26.203176243886322
100-104	26.25338478635964	23.648885944591726	23.858518828249082	26.239210440799553
105-109	26.233486622206637	23.702461777505906	23.86057176038941	26.20347983989805
110-114	26.275274316654397	23.714397835495785	23.782745739460413	26.22758210838941
115-119	26.241852265272925	23.668261396167136	23.80737561220534	26.282510726354598
120-124	26.190952816159207	23.73347504064351	23.832026254708136	26.24354588848915
125-129	26.247879302495175	23.73296640597671	23.854056848694505	26.165097442833606
130-134	26.21804365232877	23.69238151596104	23.863254352262548	26.226320479447647
135-139	26.103280604879913	23.767110644476265	23.922518070911135	26.20709067973268
140-144	26.19714117505833	23.73157223215632	23.847697327822768	26.223589264962587
145-149	26.15023689790045	23.656028122691307	23.885338089379232	26.308396890029012
150	26.025122743850737	23.889880230533354	24.086434168707324	25.99856285690858
>>END_MODULE
>>Per sequence GC content	warn
#GC Content	Count
0	0.0
1	0.0
2	0.0
3	0.0
4	0.0
5	0.0
6	5.0
7	9.5
8	18.5
9	19.0
10	21.0
11	24.0
12	14.5
13	64.0
14	204.0
15	275.5
16	406.5
17	628.5
18	915.0
19	1355.5
20	1803.0
21	2449.0
22	3343.0
23	4808.0
24	6785.0
25	9350.0
26	12240.0
27	14704.5
28	17702.5
29	21938.5
30	26426.0
31	31515.0
32	38277.5
33	45283.5
34	52083.0
35	60683.0
36	69943.0
37	77857.0
38	89007.5
39	104289.5
40	120269.5
41	139842.5
42	162254.0
43	185082.5
44	211242.5
45	244719.5
46	278036.5
47	307881.0
48	338935.0
49	374429.0
50	417393.5
51	458037.5
52	490396.5
53	521126.0
54	546412.0
55	553805.5
56	549718.5
57	535702.0
58	507614.0
59	471185.5
60	426755.0
61	373151.5
62	317168.5
63	260754.5
64	205731.5
65	156757.5
66	115061.5
67	81895.5
68	55478.0
69	37141.5
70	25327.0
71	16090.0
72	8982.5
73	4677.0
74	2425.5
75	1253.0
76	606.0
77	311.0
78	151.0
79	114.5
80	83.0
81	43.0
82	22.5
83	5.5
84	1.0
85	0.5
86	0.0
87	0.0
88	0.0
89	0.0
90	0.0
91	0.0
92	0.0
93	0.0
94	0.0
95	0.0
96	0.0
97	0.0
98	0.0
99	0.0
100	0.0
>>END_MODULE
>>Per base N content	pass
#Base	N-Count
1	0.001462724431257891
2	0.0015412599711912005
3	8.344401117914144E-4
4	4.2212852714153905E-4
5	4.515793546165301E-4
6	4.2212852714153905E-4
7	2.2578967730826506E-4
8	2.2578967730826506E-4
9	0.0012467516964412898
10-14	0.0014686145967528893
15-19	0.0
20-24	0.0
25-29	0.0
30-34	0.0
35-39	8.246231692997506E-5
40-44	0.0
45-49	4.5157935461653006E-5
50-54	5.497624447024881E-5
55-59	7.363507087228302E-4
60-64	9.897605928194636E-4
65-69	0.0
70-74	0.0
75-79	1.1792818110875446E-5
80-84	5.9001918821069284E-6
85-89	4.626292155389318E-4
90-94	5.303355273189236E-4
95-99	0.012626572698307277
100-104	0.005920653846258255
105-109	0.004165169705205042
110-114	0.0
115-119	0.004550032373218839
120-124	0.002300083388661991
125-129	1.5125551479650942E-4
130-134	0.0010008030361021228
135-139	4.1302742742007736E-4
140-144	1.6883552785752442E-5
145-149	0.0014666796886157775
150	1.0774800843968601E-5
>>END_MODULE
>>Sequence Length Distribution	warn
#Length	Count
50-54	734.0
55-59	955.0
60-64	1328.0
65-69	2152.0
70-74	3657.0
75-79	5434.0
80-84	8306.0
85-89	12343.0
90-94	19030.0
95-99	25682.0
100-104	35376.0
105-109	44262.0
110-114	57701.0
115-119	68364.0
120-124	81628.0
125-129	88107.0
130-134	100795.0
135-139	106438.0
140-144	119351.0
145-149	123914.0
150-151	9280914.0
>>END_MODULE
>>Sequence Duplication Levels	fail
#Total Deduplicated Percentage	26.753397452699225
#Duplication Level	Percentage of total
1	12.987376676909898
2	4.819500446113463
3	6.071803425899196
4	7.066282375758255
5	7.469246393944284
6	7.414057275938426
7	6.973689995617269
8	6.32101947449241
9	5.694403900468985
>10	34.042994618780114
>50	0.5748406047056225
>100	0.44882880974741624
>500	0.09168477080195477
>1k	0.02427123082270638
>5k	0.0
>10k+	0.0
>>END_MODULE
>>Overrepresented sequences	pass
>>END_MODULE
>>Adapter Content	pass
#Position	Illumina Universal Adapter	Illumina Small RNA 3' Adapter	Illumina Small RNA 5' Adapter	Nextera Transposase Sequence	PolyA	PolyG
1	0.0	0.0	0.0	0.0	2.9450827474991093E-5	9.816942491663699E-6
2	0.0	0.0	0.0	0.0	2.9450827474991093E-5	9.816942491663699E-6
3	0.0	0.0	0.0	0.0	6.871859744164588E-5	1.9633884983327397E-5
4	0.0	0.0	0.0	0.0	1.0798636740830068E-4	1.2762025239162808E-4
5	0.0	0.0	0.0	0.0	1.0798636740830068E-4	1.2762025239162808E-4
6	0.0	0.0	0.0	0.0	1.0798636740830068E-4	1.6688802235828286E-4
7	0.0	0.0	0.0	0.0	1.1780330989996437E-4	1.8652190734161025E-4
8	0.0	0.0	0.0	0.0	1.1780330989996437E-4	1.8652190734161025E-4
9	0.0	0.0	0.0	0.0	1.2762025239162808E-4	1.8652190734161025E-4
10-11	0.0	0.0	0.0	0.0	1.4725413737495547E-4	2.4051509104576062E-4
12-13	0.0	0.0	0.0	0.0	1.8652190734161025E-4	3.0432521724157465E-4
14-15	0.0	0.0	0.0	9.816942491663699E-6	2.1597273481660138E-4	4.417624121248664E-4
16-17	0.0	0.0	0.0	9.816942491663699E-6	2.306981485540969E-4	5.399318370415034E-4
18-19	0.0	0.0	0.0	9.816942491663699E-6	2.797828610124154E-4	6.675520894331314E-4
20-21	0.0	0.0	0.0	9.816942491663699E-6	2.9450827474991094E-4	8.246231692997507E-4
22-23	0.0	0.0	0.0	9.816942491663699E-6	3.1414215973323836E-4	9.964196629038654E-4
24-25	0.0	0.0	0.0	9.816942491663699E-6	3.337760447165657E-4	0.001236934753949626
26-27	0.0	0.0	0.0	9.816942491663699E-6	3.5831840094572497E-4	0.0012860194664079444
28-29	0.0	0.0	0.0	1.4725413737495548E-5	4.319454696332027E-4	0.0013792804200787497
30-31	0.0	0.0	0.0	1.9633884983327397E-5	4.4667088337069824E-4	0.0014381820750287316
32-33	0.0	0.0	0.0	7.362706868747773E-5	4.908471245831849E-4	0.0015019922012245459
34-35	4.908471245831849E-6	0.0	0.0	1.0798636740830068E-4	5.644741932706626E-4	0.0016590632810911648
36-37	2.4542356229159245E-5	0.0	0.0	1.4234566612912362E-4	5.791996070081582E-4	0.0017375988210244745
38-39	2.9450827474991093E-5	0.0	0.0	2.0615579232493767E-4	6.233758482206448E-4	0.0018357682459411114
40-41	2.9450827474991093E-5	0.0	0.0	2.503320335374243E-4	6.381012619581404E-4	0.0019339376708577484
42-43	2.9450827474991093E-5	0.0	0.0	3.4359298720822943E-4	6.381012619581404E-4	0.002002656268299394
44-45	2.9450827474991093E-5	0.0	0.0	4.5157935461653006E-4	6.577351469414678E-4	0.002086100279478536
46-47	2.9450827474991093E-5	0.0	0.0	5.202979520581761E-4	7.019113881539544E-4	0.0021646358194118455
48-49	2.9450827474991093E-5	0.0	0.0	5.448403082873353E-4	7.46087629366441E-4	0.0022873476005576417
50-51	2.9450827474991093E-5	0.0	0.0	5.595657220248308E-4	8.000808130705914E-4	0.0023462492555076236
52-53	5.890165494998219E-5	0.0	0.0	5.595657220248308E-4	8.197146980539187E-4	0.002419876324195102
54-55	1.1780330989996437E-4	0.0	0.0	5.644741932706626E-4	8.78616353003901E-4	0.0025474965765867295
56-57	2.4051509104576062E-4	0.0	0.0	5.693826645164945E-4	9.031587092330602E-4	0.0026505744727491985
58-59	3.828607571748842E-4	0.0	0.0	5.693826645164945E-4	9.178841229705557E-4	0.0026652998864866943
60-61	5.399318370415034E-4	0.0	0.0	5.693826645164945E-4	9.42426479199715E-4	0.0027143845989450123
62-63	7.46087629366441E-4	0.0	0.0	5.742911357623263E-4	0.0010111450766413608	0.002822370966353313
64-65	9.816942491663698E-4	0.0	0.0	5.8410807825399E-4	0.0010847721453288387	0.0029401742762532775
66-67	0.0014529074887662274	0.0	0.0	5.939250207456537E-4	0.0011240399152954933	0.003082519942382401
68-69	0.001786683533482793	0.0	0.0	6.037419632373175E-4	0.0011633076852621482	0.003082519942382401
70-71	0.0017915920047286249	0.0	0.0	6.086504344831493E-4	0.0011927585127371391	0.0031266961835948875
72-73	0.0018063174184661205	0.0	0.0	6.086504344831493E-4	0.0012418432251954576	0.0031316046548407195
74-75	0.0018063174184661205	0.0	0.0	6.18467376974813E-4	0.001295836408899608	0.0031463300685782153
76-77	0.0018161343609577841	0.0	0.0	6.282843194664767E-4	0.0013252872363745992	0.003352485860903153
78-79	0.0018259513034494478	0.0	0.0	6.282843194664767E-4	0.0013252872363745992	0.0034604722283114535
80-81	0.0018259513034494478	0.0	0.0	6.430097332039722E-4	0.0013449211213579265	0.0035979094231947456
82-83	0.0018308597746952795	0.0	0.0	6.47918204449804E-4	0.001403822776307909	0.0037304381468322052
84-85	0.0018357682459411114	0.0	0.0	6.47918204449804E-4	0.0014627244312578908	0.003804065215519683
86-87	0.001845585188432775	0.0	0.0	6.47918204449804E-4	0.001492175258732882	0.003867875341715497
88-89	0.001845585188432775	0.0	0.0	6.47918204449804E-4	0.0015265345574537051	0.0039071431116821514
90-91	0.001850493659678607	0.0	0.0	6.47918204449804E-4	0.001560893856174528	0.0039954955941071246
92-93	0.0018701275446619346	0.0	0.0	6.47918204449804E-4	0.0015805277411578553	0.0040936650190237615
94-95	0.0018750360159077663	0.0	0.0	6.47918204449804E-4	0.0016050700973870148	0.004211468328923726
96-97	0.00188485295839943	0.0	0.0	6.52826675695636E-4	0.0016786971660744925	0.004211468328923726
98-99	0.0018995783721369255	0.0	0.0	6.577351469414678E-4	0.0017179649360411471	0.004250736098890382
100-101	0.0019044868433827575	0.0	0.0	6.577351469414678E-4	0.0017277818785328108	0.004343997052561187
102-103	0.001914303785874421	0.0	0.0	6.577351469414678E-4	0.0017474157635161383	0.0044716173049528145
104-105	0.0019781139120702354	0.0	0.0	6.577351469414678E-4	0.0018112258897119522	0.004515793546165301
106-107	0.001987930854561899	0.0	0.0	6.675520894331314E-4	0.001879944487153598	0.004535427431148629
108-109	0.0019977477970535623	0.0	0.0	6.675520894331314E-4	0.001948663084595244	0.004623779913573602
110-111	0.002007564739545226	0.0	0.0	6.675520894331314E-4	0.0019977477970535623	0.0047563086372110625
112-113	0.002032107095774386	0.0	0.0	6.675520894331314E-4	0.00201738168203689	0.004869203475865194
114-115	0.0020468325095118808	0.0	0.0	6.675520894331314E-4	0.002032107095774386	0.004918288188323513
116-117	0.002081191808232704	0.0	0.0	6.675520894331314E-4	0.0020468325095118808	0.00499191525701099
118-119	0.0021351849919368543	0.0	0.0	6.675520894331314E-4	0.0020811918082327043	0.005040999969469309
120-121	0.0021400934631826862	0.0	0.0	6.675520894331314E-4	0.002105734164461863	0.0050655423256984675
122-123	0.0021499104056743497	0.0	0.0	6.675520894331314E-4	0.002125368049445191	0.005119535509402619
124-125	0.0021744527619035094	0.0	0.0	6.675520894331314E-4	0.0021744527619035094	0.0051538948081234414
126-127	0.002179361233149341	0.0	0.0	6.675520894331314E-4	0.0022578967730826505	0.0052324303480567515
128-129	0.0021891781756410047	0.0	0.0	6.675520894331314E-4	0.002311889956786801	0.005281515060515069
130-131	0.002218629003115996	0.0	0.0	6.675520894331314E-4	0.0023413407842617917	0.005301148945498397
132-133	0.0022529883018368186	0.0	0.0	6.675520894331314E-4	0.0023707916117367833	0.005301148945498397
134-135	0.0022677137155743144	0.0	0.0	6.675520894331314E-4	0.00239042549672011	0.005350233657956715
136-137	0.0022873476005576417	0.0	0.0	6.675520894331314E-4	0.002405150910457606	0.005468036967856679
138-139	0.0022873476005576417	0.0	0.0	6.675520894331314E-4	0.0024640525654075884	0.005595657220248308
>>END_MODULE
